   6.9600000e+01
   7.0100000e+01
   7.7300000e+01
   7.6500000e+01
   7.3500000e+01
   6.9300000e+01
   6.5900000e+01
   6.4800000e+01
   6.3900000e+01
   6.2400000e+01
   6.2100000e+01
   6.1700000e+01
   6.1100000e+01
   0.0000000e+00
   0.0000000e+00
   6.0900000e+01
   6.0900000e+01
   6.0300000e+01
   6.0000000e+01
   6.1600000e+01
   6.2600000e+01
   6.1600000e+01
   6.1300000e+01
   6.1300000e+01
   6.2200000e+01
   6.0700000e+01
   6.0800000e+01
   6.0200000e+01
   6.0400000e+01
   6.0800000e+01
   5.9600000e+01
   5.8900000e+01
   5.8300000e+01
   5.6900000e+01
   5.8700000e+01
   5.8000000e+01
   5.7800000e+01
   5.8400000e+01
   5.9200000e+01
   5.9300000e+01
   6.1800000e+01
   6.4800000e+01
   6.9200000e+01
   6.8500000e+01
   7.1800000e+01
   7.0900000e+01
   7.3200000e+01
   7.2100000e+01
   7.3200000e+01
   7.1500000e+01
   7.3300000e+01
   7.2600000e+01
   7.2500000e+01
   7.2200000e+01
   7.3000000e+01
   7.2200000e+01
   7.0800000e+01
   7.0700000e+01
   7.0800000e+01
   6.9100000e+01
   7.0200000e+01
   6.9200000e+01
   7.1800000e+01
   6.9400000e+01
   7.0100000e+01
   7.0100000e+01
   7.3800000e+01
   7.3900000e+01
   7.2300000e+01
   7.3400000e+01
   7.2100000e+01
   7.2900000e+01
   7.1100000e+01
   7.0700000e+01
   7.0200000e+01
   6.9600000e+01
   6.9300000e+01
   6.7700000e+01
   6.7200000e+01
   6.4200000e+01
   6.3900000e+01
   6.3100000e+01
   6.2300000e+01
   6.3000000e+01
   6.1400000e+01
   6.1800000e+01
   6.0200000e+01
   6.0100000e+01
   5.9600000e+01
   5.8900000e+01
   5.8200000e+01
   5.7800000e+01
   5.7400000e+01
   5.7000000e+01
   5.7000000e+01
   5.7900000e+01
   5.7400000e+01
   5.7000000e+01
   5.6700000e+01
   5.7600000e+01
   5.6900000e+01
   5.6500000e+01
   5.7100000e+01
   5.6400000e+01
   5.6300000e+01
   5.8700000e+01
   5.8000000e+01
   5.7800000e+01
   6.3600000e+01
   6.1900000e+01
   6.2200000e+01
   6.3600000e+01
   6.6000000e+01
   6.5700000e+01
   6.5500000e+01
   6.4900000e+01
   6.3400000e+01
   5.9800000e+01
   5.7900000e+01
   5.5600000e+01
   5.4400000e+01
   5.4400000e+01
   5.4300000e+01
   5.3500000e+01
   5.5500000e+01
   6.3700000e+01
   6.3200000e+01
   6.4200000e+01
   6.7600000e+01
   6.6200000e+01
   6.5200000e+01
   6.6600000e+01
   6.5400000e+01
   6.5700000e+01
   6.3500000e+01
   6.3900000e+01
   6.4000000e+01
   6.3900000e+01
   6.3600000e+01
   6.5400000e+01
   6.2000000e+01
   6.1300000e+01
   6.1600000e+01
   6.2700000e+01
   6.2800000e+01
   6.2200000e+01
   6.5600000e+01
   6.2800000e+01
   6.3100000e+01
   6.1900000e+01
   6.1800000e+01
   6.3900000e+01
   6.2700000e+01
   6.1800000e+01
   6.1800000e+01
   6.4300000e+01
   6.5500000e+01
   6.4800000e+01
   6.6700000e+01
   6.5300000e+01
   6.6200000e+01
   6.7100000e+01
   6.4500000e+01
   6.4700000e+01
   6.3800000e+01
   6.2800000e+01
   6.1300000e+01
   6.0000000e+01
   5.8900000e+01
   5.9500000e+01
   6.0900000e+01
   6.1700000e+01
   6.2900000e+01
   6.2800000e+01
   6.3100000e+01
   6.6300000e+01
   6.6300000e+01
   6.6200000e+01
   6.7400000e+01
   6.6400000e+01
   6.6600000e+01
   6.6200000e+01
   6.6300000e+01
   6.3900000e+01
   6.3700000e+01
   6.3800000e+01
   6.3200000e+01
   6.4600000e+01
   6.5000000e+01
   6.5100000e+01
   6.3800000e+01
   6.5000000e+01
   6.4200000e+01
   6.3300000e+01
   6.0900000e+01
   6.0900000e+01
   6.0600000e+01
   6.3300000e+01
   6.3100000e+01
   6.2200000e+01
   6.4500000e+01
   6.3000000e+01
   6.6000000e+01
   6.4200000e+01
   6.4500000e+01
   6.4500000e+01
   6.5100000e+01
   6.3700000e+01
   6.3200000e+01
   5.9600000e+01
   5.9100000e+01
   7.2000000e+01
   6.6900000e+01
   6.1200000e+01
   6.2200000e+01
   6.1800000e+01
   6.1600000e+01
   6.1000000e+01
   6.1600000e+01
   6.0800000e+01
   5.8000000e+01
   5.9000000e+01
   5.6300000e+01
   5.9300000e+01
   5.7300000e+01
   5.4800000e+01
   5.5900000e+01
   5.3900000e+01
   5.3500000e+01
   5.2500000e+01
   5.1900000e+01
   5.2500000e+01
   5.2500000e+01
   5.4600000e+01
   5.8000000e+01
   5.6100000e+01
   5.9200000e+01
   5.6200000e+01
   5.9900000e+01
   6.0200000e+01
   6.1300000e+01
   6.0900000e+01
   6.2900000e+01
   5.9400000e+01
   6.0500000e+01
   5.8600000e+01
   5.9600000e+01
   5.9700000e+01
   6.3400000e+01
   6.5300000e+01
   6.6600000e+01
   6.8600000e+01
   6.8000000e+01
   6.8300000e+01
   6.8300000e+01
   7.0200000e+01
   7.1300000e+01
   7.0600000e+01
   7.0900000e+01
   7.1000000e+01
   7.1200000e+01
   6.9600000e+01
   7.1100000e+01
   6.9400000e+01
   6.9700000e+01
   6.9000000e+01
   6.8300000e+01
   6.9000000e+01
   6.7600000e+01
   6.8000000e+01
   6.8700000e+01
   7.2800000e+01
   7.3700000e+01
   7.4800000e+01
   7.2600000e+01
   7.2100000e+01
   7.2800000e+01
   7.0700000e+01
   7.0800000e+01
   6.8600000e+01
   6.6300000e+01
   6.5800000e+01
   6.3100000e+01
   6.0800000e+01
   6.1500000e+01
   6.2500000e+01
   5.8800000e+01
   5.7500000e+01
   5.5400000e+01
   5.4200000e+01
   5.2700000e+01
   5.2500000e+01
   5.3300000e+01
   5.3100000e+01
   5.3000000e+01
   5.1700000e+01
   5.2000000e+01
   5.2600000e+01
   5.1300000e+01
   5.7200000e+01
   5.5000000e+01
   5.7000000e+01
   5.4800000e+01
   5.1400000e+01
   5.0900000e+01
   5.0500000e+01
   4.9500000e+01
   4.9300000e+01
   4.8000000e+01
   4.7600000e+01
   4.7200000e+01
   4.7700000e+01
   4.8000000e+01
   4.7200000e+01
   5.1300000e+01
   5.3000000e+01
   5.5500000e+01
   5.1000000e+01
   4.9300000e+01
   4.8800000e+01
   5.0900000e+01
   5.3400000e+01
   5.1800000e+01
   4.9700000e+01
   4.8500000e+01
   4.8800000e+01
   4.7700000e+01
   4.7100000e+01
   4.6200000e+01
   4.6000000e+01
   4.6700000e+01
   0.0000000e+00
   0.0000000e+00
   6.4800000e+01
   5.5800000e+01
   5.7800000e+01
   5.7300000e+01
   5.6300000e+01
   5.6500000e+01
   5.6700000e+01
   5.8700000e+01
   5.8900000e+01
   6.0800000e+01
   6.2300000e+01
   6.0700000e+01
   6.0900000e+01
   6.1000000e+01
   6.1300000e+01
   6.0800000e+01
   6.2600000e+01
   6.3400000e+01
   6.2300000e+01
   6.2000000e+01
   6.1700000e+01
   6.2200000e+01
   6.2500000e+01
   7.1300000e+01
   7.2200000e+01
   6.7700000e+01
   6.5200000e+01
   6.8700000e+01
   7.1400000e+01
   6.1600000e+01
   5.8000000e+01
   5.7900000e+01
   5.8300000e+01
   5.7000000e+01
   5.7300000e+01
   5.7300000e+01
   5.9200000e+01
   5.9300000e+01
   5.9200000e+01
   5.7800000e+01
   5.7800000e+01
   5.8000000e+01
   5.7100000e+01
   5.9800000e+01
   6.0900000e+01
   5.9900000e+01
   5.9500000e+01
   5.9900000e+01
   5.9000000e+01
   5.8900000e+01
   6.0100000e+01
   6.0200000e+01
   6.0100000e+01
   6.5400000e+01
   6.2600000e+01
   6.0900000e+01
   5.9900000e+01
   5.9700000e+01
   5.8900000e+01
   5.8900000e+01
   5.9200000e+01
   5.8500000e+01
   5.8200000e+01
   5.7100000e+01
   5.6100000e+01
   5.6900000e+01
   5.5600000e+01
   5.6200000e+01
   5.7500000e+01
   5.7200000e+01
   5.6300000e+01
   5.4200000e+01
   5.2800000e+01
   5.1500000e+01
   5.0500000e+01
   4.9700000e+01
   5.3200000e+01
   5.7900000e+01
   5.8300000e+01
   5.7800000e+01
   5.5100000e+01
   5.4200000e+01
   5.4100000e+01
   5.1800000e+01
   5.0200000e+01
   4.9600000e+01
   4.8800000e+01
   4.8200000e+01
   4.6900000e+01
   4.7100000e+01
   4.5700000e+01
   4.4900000e+01
   4.4200000e+01
   4.4900000e+01
   4.4900000e+01
   4.5700000e+01
   4.6000000e+01
   4.6000000e+01
   4.6100000e+01
   4.5800000e+01
   4.5600000e+01
   4.5700000e+01
   4.5900000e+01
   4.5300000e+01
   4.4600000e+01
   4.4500000e+01
   4.4700000e+01
   4.4800000e+01
   0.0000000e+00
   0.0000000e+00
   4.5200000e+01
   4.4000000e+01
   4.4300000e+01
   4.4800000e+01
   4.4800000e+01
   4.4200000e+01
   4.3600000e+01
   4.4800000e+01
   5.0900000e+01
   5.0200000e+01
   5.1700000e+01
   5.1600000e+01
   5.1400000e+01
   5.1100000e+01
   5.2900000e+01
   5.4100000e+01
   5.3100000e+01
   5.3400000e+01
   5.0900000e+01
   4.8100000e+01
   5.0600000e+01
   5.2400000e+01
   5.2600000e+01
   5.5300000e+01
   5.4200000e+01
   5.5000000e+01
   5.5100000e+01
   5.5700000e+01
   5.7400000e+01
   5.5900000e+01
   5.5700000e+01
   5.4600000e+01
   5.3900000e+01
   5.4000000e+01
   5.2600000e+01
   5.2700000e+01
   5.3300000e+01
   5.5800000e+01
   5.5300000e+01
   5.5800000e+01
   5.7000000e+01
   5.6200000e+01
   5.5800000e+01
   5.5800000e+01
   5.7700000e+01
   5.6300000e+01
   5.5300000e+01
   5.6200000e+01
   5.7800000e+01
   6.1600000e+01
   6.4700000e+01
   6.2700000e+01
   6.2100000e+01
   6.1600000e+01
   5.8900000e+01
   5.7200000e+01
   5.8600000e+01
   5.8100000e+01
   5.7700000e+01
   5.8000000e+01
   5.6000000e+01
   5.6300000e+01
   5.7300000e+01
   5.7800000e+01
   5.6600000e+01
   5.6200000e+01
   5.5500000e+01
   5.4800000e+01
   5.4800000e+01
   5.4900000e+01
   5.3800000e+01
   5.3000000e+01
   5.5600000e+01
   5.5300000e+01
   5.5100000e+01
   5.5300000e+01
   5.5700000e+01
   5.6700000e+01
   5.7700000e+01
   5.6500000e+01
   5.7700000e+01
   5.6800000e+01
   5.6300000e+01
   5.5900000e+01
   5.4600000e+01
   5.4900000e+01
   5.5500000e+01
   5.5200000e+01
   5.5200000e+01
   5.3300000e+01
   5.3800000e+01
   5.4700000e+01
   5.4900000e+01
   5.4200000e+01
   5.2600000e+01
   5.1000000e+01
   5.2300000e+01
   5.0100000e+01
   4.8400000e+01
   4.7700000e+01
   4.7400000e+01
   4.7300000e+01
   4.6400000e+01
   4.6900000e+01
   4.7200000e+01
   4.6900000e+01
   4.7100000e+01
   4.6400000e+01
   4.6000000e+01
   4.7600000e+01
   5.0500000e+01
   4.7700000e+01
   4.6400000e+01
   4.5200000e+01
   4.3500000e+01
   4.4100000e+01
   4.3300000e+01
   4.3300000e+01
   4.3100000e+01
   4.4500000e+01
   4.7900000e+01
   4.7300000e+01
   4.6200000e+01
   4.7400000e+01
   5.0900000e+01
   5.5000000e+01
   5.6800000e+01
   5.6200000e+01
   5.6500000e+01
   5.5500000e+01
   5.5200000e+01
   6.4300000e+01
   6.2200000e+01
   5.5900000e+01
   5.2700000e+01
   5.1200000e+01
   5.2700000e+01
   5.1800000e+01
   5.2700000e+01
   5.2200000e+01
   5.3500000e+01
   5.3100000e+01
   5.2200000e+01
   5.1000000e+01
   5.1000000e+01
   5.1600000e+01
   5.2200000e+01
   5.3400000e+01
   5.2200000e+01
   5.1500000e+01
   5.0900000e+01
   5.2100000e+01
   5.2400000e+01
   5.1800000e+01
   5.1900000e+01
   5.1500000e+01
   5.3200000e+01
   5.4000000e+01
   5.2100000e+01
   5.3300000e+01
   5.1500000e+01
   5.1500000e+01
   5.2400000e+01
   5.2600000e+01
   5.2000000e+01
   5.1900000e+01
   5.2200000e+01
   5.1700000e+01
   5.1400000e+01
   5.2800000e+01
   5.1300000e+01
   5.0000000e+01
   4.9400000e+01
   4.6200000e+01
   4.6300000e+01
   4.5600000e+01
   4.5000000e+01
   4.8000000e+01
   4.6100000e+01
   4.5000000e+01
   4.4300000e+01
   4.3300000e+01
   4.3000000e+01
   4.2700000e+01
   4.2000000e+01
   4.1900000e+01
   4.2100000e+01
   4.1100000e+01
   4.0100000e+01
   4.0300000e+01
   3.9700000e+01
   0.0000000e+00
   4.1600000e+01
   4.1000000e+01
   4.0600000e+01
   3.9900000e+01
   0.0000000e+00
   4.1000000e+01
   4.0100000e+01
   4.0000000e+01
   3.9300000e+01
   4.0200000e+01
   0.0000000e+00
   0.0000000e+00
   4.3900000e+01
   4.2300000e+01
   4.1800000e+01
   4.3000000e+01
   4.2300000e+01
   4.2200000e+01
   4.1800000e+01
   4.1300000e+01
   4.0800000e+01
   4.1200000e+01
   4.1700000e+01
   4.1700000e+01
   4.3300000e+01
