   8.1100000e+01
   7.7900000e+01
   8.0200000e+01
   8.3700000e+01
   7.9600000e+01
   7.8100000e+01
   7.7500000e+01
   7.4800000e+01
   7.5200000e+01
   7.5200000e+01
   7.5500000e+01
   7.4900000e+01
   7.4700000e+01
   7.4700000e+01
   7.4000000e+01
   7.3800000e+01
   7.3500000e+01
   7.4100000e+01
   7.4500000e+01
   7.5400000e+01
   7.6700000e+01
   7.5700000e+01
   7.6700000e+01
   7.4300000e+01
   7.4900000e+01
   7.5000000e+01
   7.4200000e+01
   7.5500000e+01
   7.6300000e+01
   7.5900000e+01
   7.6700000e+01
   7.3600000e+01
   7.3800000e+01
   7.3400000e+01
   7.2600000e+01
   7.3800000e+01
   7.2000000e+01
   7.2600000e+01
   7.3000000e+01
   7.4400000e+01
   7.6200000e+01
   7.5700000e+01
   7.5600000e+01
   7.7500000e+01
   7.8500000e+01
   7.8600000e+01
   8.0500000e+01
   7.9400000e+01
   8.0800000e+01
   7.9800000e+01
   7.8900000e+01
   7.8700000e+01
   7.8800000e+01
   7.7700000e+01
   7.6400000e+01
   7.7800000e+01
   7.6500000e+01
   7.6300000e+01
   7.7400000e+01
   7.4100000e+01
   7.6200000e+01
   7.5100000e+01
   7.6200000e+01
   7.5300000e+01
   7.6600000e+01
   7.6400000e+01
   7.7000000e+01
   7.7100000e+01
   7.6100000e+01
   7.6100000e+01
   7.8300000e+01
   7.7200000e+01
   7.7200000e+01
   7.6500000e+01
   7.5200000e+01
   7.6200000e+01
   7.8400000e+01
   7.5300000e+01
   7.6000000e+01
   7.4800000e+01
   7.4900000e+01
   7.5100000e+01
   7.4200000e+01
   7.3700000e+01
   7.3500000e+01
   7.4400000e+01
   7.2900000e+01
   7.2700000e+01
   7.3400000e+01
   7.3700000e+01
   7.3200000e+01
   7.3500000e+01
   7.2600000e+01
   7.3400000e+01
   7.2200000e+01
   7.2400000e+01
   7.2500000e+01
   7.3100000e+01
   7.4000000e+01
   7.3000000e+01
   7.3100000e+01
   7.3100000e+01
   7.4300000e+01
   7.3200000e+01
   7.3000000e+01
   7.3700000e+01
   7.2800000e+01
   7.4000000e+01
   7.3900000e+01
   7.4500000e+01
   7.6400000e+01
   7.5800000e+01
   7.4900000e+01
   7.4900000e+01
   7.5800000e+01
   7.5800000e+01
   7.5600000e+01
   7.4100000e+01
   7.4900000e+01
   7.2900000e+01
   7.2300000e+01
   7.2500000e+01
   7.2200000e+01
   7.1600000e+01
   7.1300000e+01
   7.2600000e+01
   7.2500000e+01
   7.2500000e+01
   7.3800000e+01
   7.3700000e+01
   7.2300000e+01
   7.4300000e+01
   7.4200000e+01
   7.3500000e+01
   7.2400000e+01
   7.3600000e+01
   7.3800000e+01
   7.4100000e+01
   7.3200000e+01
   7.4200000e+01
   7.2900000e+01
   7.3000000e+01
   7.2900000e+01
   7.2500000e+01
   7.2600000e+01
   7.2800000e+01
   7.4700000e+01
   7.3900000e+01
   7.2300000e+01
   7.3500000e+01
   7.2500000e+01
   7.5300000e+01
   7.5600000e+01
   7.3100000e+01
   7.3800000e+01
   7.3400000e+01
   7.5000000e+01
   7.3400000e+01
   7.4800000e+01
   7.5500000e+01
   7.5200000e+01
   7.7300000e+01
   7.3000000e+01
   7.4300000e+01
   7.4200000e+01
   7.4000000e+01
   7.1900000e+01
   7.2800000e+01
   7.2400000e+01
   7.1700000e+01
   7.2600000e+01
   7.1500000e+01
   7.2800000e+01
   7.2500000e+01
   7.4200000e+01
   7.5300000e+01
   7.7900000e+01
   7.7300000e+01
   7.6800000e+01
   7.6300000e+01
   7.6800000e+01
   7.5500000e+01
   7.5800000e+01
   7.4400000e+01
   7.4500000e+01
   7.5600000e+01
   7.4800000e+01
   7.2200000e+01
   7.3900000e+01
   7.2900000e+01
   7.2700000e+01
   7.3700000e+01
   7.2400000e+01
   7.3400000e+01
   7.1800000e+01
   7.1800000e+01
   7.1600000e+01
   7.4900000e+01
   7.4100000e+01
   7.2500000e+01
   7.4800000e+01
   7.3500000e+01
   7.5000000e+01
   7.2700000e+01
   7.3600000e+01
   7.2800000e+01
   7.2200000e+01
   7.2400000e+01
   7.2200000e+01
   7.1900000e+01
   7.2300000e+01
   7.3300000e+01
   7.3000000e+01
   7.4500000e+01
   7.5400000e+01
   7.2700000e+01
   7.2900000e+01
   7.2400000e+01
   7.3200000e+01
   7.3600000e+01
   7.1600000e+01
   7.3300000e+01
   7.1700000e+01
   7.2600000e+01
   7.2400000e+01
   7.1700000e+01
   7.1800000e+01
   7.2300000e+01
   7.1800000e+01
   7.1300000e+01
   7.1200000e+01
   7.2100000e+01
   7.2300000e+01
   7.2400000e+01
   7.2700000e+01
   7.2100000e+01
   7.1800000e+01
   7.2300000e+01
   7.2000000e+01
   7.3500000e+01
   7.2000000e+01
   7.2600000e+01
   7.2500000e+01
   7.2800000e+01
   7.4100000e+01
   7.3200000e+01
   7.3100000e+01
   7.2000000e+01
   7.2400000e+01
   7.4000000e+01
   7.5100000e+01
   7.6300000e+01
   7.5100000e+01
   7.6300000e+01
   7.7500000e+01
   7.8600000e+01
   7.9000000e+01
   7.8300000e+01
   7.9300000e+01
   7.9900000e+01
   7.9200000e+01
   7.7400000e+01
   7.9500000e+01
   7.7900000e+01
   7.9000000e+01
   7.9400000e+01
   7.7400000e+01
   7.8200000e+01
   7.6300000e+01
   7.8400000e+01
   7.8900000e+01
   8.3100000e+01
   8.1000000e+01
   8.5300000e+01
   7.9600000e+01
   7.9500000e+01
   7.9500000e+01
   7.8200000e+01
   7.9000000e+01
   7.7200000e+01
   7.5600000e+01
   7.6600000e+01
   7.4600000e+01
   7.3900000e+01
   7.4900000e+01
   7.4500000e+01
   7.3300000e+01
   7.4100000e+01
   7.1900000e+01
   7.3000000e+01
   7.1700000e+01
   7.1200000e+01
   7.2200000e+01
   7.2000000e+01
   7.2300000e+01
   7.1700000e+01
   7.2300000e+01
   7.1700000e+01
   7.1700000e+01
   7.1400000e+01
   7.1500000e+01
   7.2600000e+01
   7.2600000e+01
   7.2000000e+01
   7.1500000e+01
   7.1700000e+01
   7.1500000e+01
   7.1200000e+01
   7.1700000e+01
   7.3000000e+01
   7.1600000e+01
   7.1700000e+01
   7.1900000e+01
   7.1700000e+01
   7.1400000e+01
   7.2200000e+01
   7.1800000e+01
   7.1400000e+01
   7.1500000e+01
   7.1600000e+01
   7.1600000e+01
   7.1400000e+01
   7.2200000e+01
   7.2500000e+01
   7.2000000e+01
   7.1300000e+01
   7.1100000e+01
   7.1500000e+01
   7.1600000e+01
   7.1600000e+01
   7.1400000e+01
   7.1800000e+01
   7.1400000e+01
   7.1600000e+01
   7.2300000e+01
   7.2300000e+01
   7.2000000e+01
   7.2700000e+01
   7.3200000e+01
   7.3800000e+01
   7.4500000e+01
   7.4900000e+01
   7.6600000e+01
   7.7200000e+01
   7.8200000e+01
   7.5700000e+01
   7.8100000e+01
   7.7100000e+01
   7.6400000e+01
   7.6500000e+01
   7.8000000e+01
   7.6800000e+01
   7.6100000e+01
   7.6800000e+01
   7.5300000e+01
   7.4300000e+01
   7.5700000e+01
   7.8900000e+01
   7.5200000e+01
   7.5800000e+01
   7.3500000e+01
   7.2900000e+01
   7.4800000e+01
   7.4400000e+01
   7.3200000e+01
   7.2400000e+01
   7.2000000e+01
   7.2300000e+01
   7.3000000e+01
   7.3500000e+01
   7.3100000e+01
   7.4000000e+01
   7.1600000e+01
   7.2900000e+01
   7.3400000e+01
   7.2600000e+01
   7.4100000e+01
   7.2300000e+01
   7.3100000e+01
   7.2500000e+01
   7.4000000e+01
   7.3200000e+01
   7.1900000e+01
   7.3900000e+01
   7.3100000e+01
   7.2900000e+01
   7.3600000e+01
   7.3600000e+01
   7.4300000e+01
   7.3000000e+01
   7.2900000e+01
   7.2700000e+01
   7.2400000e+01
   7.3500000e+01
   7.2300000e+01
   7.3000000e+01
   7.2500000e+01
   7.2600000e+01
   7.2900000e+01
   7.3100000e+01
   7.2700000e+01
   7.3800000e+01
   7.2600000e+01
   7.3600000e+01
   7.2900000e+01
   7.1800000e+01
   7.2900000e+01
   7.2400000e+01
   7.1500000e+01
   7.2300000e+01
   7.2800000e+01
   7.3700000e+01
   7.3400000e+01
   7.3500000e+01
   7.2400000e+01
   7.2300000e+01
   7.2900000e+01
   7.2800000e+01
   7.3400000e+01
   7.2200000e+01
   7.2200000e+01
   7.1700000e+01
   7.2500000e+01
   7.1800000e+01
   7.1700000e+01
   7.1600000e+01
   7.1200000e+01
   7.1400000e+01
   7.1400000e+01
   7.1900000e+01
   7.1500000e+01
   7.1300000e+01
   7.1300000e+01
   7.1700000e+01
   7.1300000e+01
   7.2200000e+01
   7.1300000e+01
   7.1700000e+01
   7.1900000e+01
   7.2700000e+01
   7.2400000e+01
   7.1600000e+01
   7.1500000e+01
   7.1400000e+01
   7.1500000e+01
   7.1800000e+01
   7.1300000e+01
   7.1200000e+01
   7.1300000e+01
   7.1000000e+01
   7.1000000e+01
   7.1000000e+01
   7.1600000e+01
   7.1100000e+01
   7.1600000e+01
   7.1200000e+01
   7.1800000e+01
   7.4100000e+01
   7.3000000e+01
   7.3100000e+01
   7.2500000e+01
   7.1900000e+01
   7.2300000e+01
   7.1100000e+01
   7.1800000e+01
   7.2100000e+01
   7.2400000e+01
   7.1400000e+01
   7.1400000e+01
   7.2700000e+01
   7.2900000e+01
   7.3300000e+01
   7.3200000e+01
   7.4400000e+01
   7.2700000e+01
   7.2200000e+01
   7.2900000e+01
   7.1700000e+01
   7.1900000e+01
   7.1900000e+01
   7.2500000e+01
   7.2200000e+01
   7.2100000e+01
   7.2900000e+01
   7.4300000e+01
   7.2800000e+01
   7.2400000e+01
   7.3200000e+01
   7.2800000e+01
   7.2500000e+01
   7.2400000e+01
   7.3500000e+01
   7.2400000e+01
   7.4400000e+01
   7.4100000e+01
   7.2700000e+01
   7.3100000e+01
   7.3500000e+01
   7.3300000e+01
   7.3300000e+01
   7.2700000e+01
   7.4800000e+01
   7.2700000e+01
   7.2800000e+01
   7.3000000e+01
   7.3700000e+01
   7.4000000e+01
   7.2800000e+01
   7.3000000e+01
   7.3300000e+01
   7.2600000e+01
   7.2900000e+01
   7.2200000e+01
   7.2400000e+01
   7.2000000e+01
   7.2000000e+01
   7.2400000e+01
   7.2400000e+01
   7.2200000e+01
   7.2600000e+01
   7.2700000e+01
   7.2700000e+01
   7.2200000e+01
   7.3800000e+01
   7.3300000e+01
   7.5400000e+01
   7.3100000e+01
   7.4700000e+01
   7.2700000e+01
   7.3700000e+01
   7.1800000e+01
   7.2300000e+01
   7.2300000e+01
   7.2900000e+01
   7.3700000e+01
   7.3000000e+01
   7.2300000e+01
   7.2000000e+01
   7.1400000e+01
   7.1400000e+01
   7.2400000e+01
   7.1800000e+01
   7.2000000e+01
   7.1900000e+01
   7.1400000e+01
   7.1500000e+01
   7.2000000e+01
   7.3200000e+01
   7.1700000e+01
   7.3000000e+01
   7.2600000e+01
   7.2700000e+01
   7.1600000e+01
   7.2400000e+01
   7.2300000e+01
   7.1400000e+01
   7.1500000e+01
   7.1400000e+01
   7.1400000e+01
   7.1200000e+01
   7.1200000e+01
   7.1300000e+01
   7.1200000e+01
   7.1000000e+01
   7.1000000e+01
   7.1200000e+01
   7.2700000e+01
   7.1900000e+01
   7.3700000e+01
   7.2400000e+01
   7.2000000e+01
   7.1800000e+01
   7.1300000e+01
   7.1600000e+01
   7.1700000e+01
   7.1200000e+01
   7.2900000e+01
   7.1500000e+01
   7.1000000e+01
   7.1400000e+01
   7.2200000e+01
   7.1800000e+01
   7.1600000e+01
   7.1800000e+01
   7.1300000e+01
   7.2200000e+01
   7.2300000e+01
   7.1600000e+01
   7.2100000e+01
   7.1800000e+01
   7.1900000e+01
   7.1400000e+01
   7.1800000e+01
   7.1600000e+01
   7.2100000e+01
   7.1700000e+01
   7.2100000e+01
   7.1100000e+01
   7.1500000e+01
   7.1200000e+01
   7.2700000e+01
   7.2400000e+01
   7.1500000e+01
   7.1800000e+01
   7.1200000e+01
   7.2600000e+01
   7.1200000e+01
   7.3000000e+01
   7.1500000e+01
   7.2000000e+01
   7.2500000e+01
   7.2200000e+01
   7.1700000e+01
   7.1500000e+01
   7.1800000e+01
   7.2300000e+01
   7.1400000e+01
   7.1700000e+01
   7.2000000e+01
   7.1500000e+01
   7.1000000e+01
   7.1500000e+01
   7.1400000e+01
   7.1300000e+01
   7.1400000e+01
   7.1800000e+01
   7.1500000e+01
   7.1000000e+01
   7.1600000e+01
   7.1000000e+01
   7.1000000e+01
   7.1200000e+01
   7.1800000e+01
   7.1100000e+01
   7.1100000e+01
   7.1100000e+01
   7.1700000e+01
   7.1100000e+01
   7.1300000e+01
   7.1400000e+01
   7.1100000e+01
   7.1200000e+01
   7.1100000e+01
   7.1000000e+01
   7.1500000e+01
   7.1200000e+01
   7.2000000e+01
   7.2100000e+01
   7.2300000e+01
   7.1400000e+01
   7.1700000e+01
   7.1100000e+01
   7.1100000e+01
   7.1000000e+01
   7.1000000e+01
   7.1000000e+01
   7.1200000e+01
   7.1300000e+01
   7.1000000e+01
   7.1000000e+01
