   9.5300000e+01
   9.6300000e+01
   9.9300000e+01
   1.0000000e+02
   9.9300000e+01
   9.8000000e+01
   9.8000000e+01
   9.8000000e+01
   9.8000000e+01
   9.8000000e+01
   9.8000000e+01
   9.8800000e+01
   9.9000000e+01
   9.9000000e+01
   9.9000000e+01
   9.9000000e+01
   9.9000000e+01
   9.9000000e+01
   9.9000000e+01
   9.9000000e+01
   9.9000000e+01
   9.9000000e+01
   9.9000000e+01
   9.9000000e+01
   9.9000000e+01
   9.9000000e+01
   9.8800000e+01
   9.8600000e+01
   9.8200000e+01
   9.8000000e+01
   9.8000000e+01
   9.8100000e+01
   9.8000000e+01
   9.8000000e+01
   9.8000000e+01
   9.8000000e+01
   9.8000000e+01
   9.8000000e+01
   9.8000000e+01
   9.8000000e+01
   9.8600000e+01
   9.8800000e+01
   9.9000000e+01
   9.8700000e+01
   9.8900000e+01
   9.8100000e+01
   9.8100000e+01
   9.8100000e+01
   9.7600000e+01
   9.8500000e+01
   9.8000000e+01
   9.8400000e+01
   9.8000000e+01
   9.7400000e+01
   9.8000000e+01
   9.8000000e+01
   9.8200000e+01
   9.8900000e+01
   9.9000000e+01
   9.9000000e+01
   9.9000000e+01
   9.9000000e+01
   9.9700000e+01
   9.9400000e+01
   9.9800000e+01
   1.0000000e+02
   1.0000000e+02
   9.9500000e+01
   9.9800000e+01
   9.9000000e+01
   9.9000000e+01
   9.9000000e+01
   9.9000000e+01
   9.9000000e+01
   9.9000000e+01
   9.9200000e+01
   9.9000000e+01
   9.9000000e+01
   9.9000000e+01
   9.9000000e+01
   9.9000000e+01
   9.9000000e+01
   9.9100000e+01
   9.9900000e+01
   9.9000000e+01
   9.9700000e+01
   9.9200000e+01
   9.9000000e+01
   9.9000000e+01
   9.9000000e+01
   9.9000000e+01
   9.9000000e+01
   9.9000000e+01
   9.9000000e+01
   9.9000000e+01
   9.9000000e+01
   9.9000000e+01
   9.9000000e+01
   9.9000000e+01
   9.9000000e+01
   9.9000000e+01
   9.9000000e+01
   9.9000000e+01
   9.9000000e+01
   9.9000000e+01
   9.9000000e+01
   9.9000000e+01
   9.9000000e+01
   9.9000000e+01
   9.9000000e+01
   9.9000000e+01
   9.9100000e+01
   9.9000000e+01
   9.9000000e+01
   9.9600000e+01
   9.9200000e+01
   9.9200000e+01
   9.9000000e+01
   9.9000000e+01
   9.9000000e+01
   9.9000000e+01
   9.9000000e+01
   9.9000000e+01
   9.9000000e+01
   9.9000000e+01
   9.9400000e+01
   9.9000000e+01
   9.9300000e+01
   9.9600000e+01
   9.9500000e+01
   9.9000000e+01
   9.9000000e+01
   9.9000000e+01
   9.9000000e+01
   9.9000000e+01
   9.9000000e+01
   9.9000000e+01
   9.9300000e+01
   9.9600000e+01
   9.9900000e+01
   9.9000000e+01
   9.9000000e+01
   9.9000000e+01
   9.9000000e+01
   9.9000000e+01
   9.9000000e+01
   9.9300000e+01
   9.9000000e+01
   9.9000000e+01
   9.9000000e+01
   9.9200000e+01
   9.9200000e+01
   9.9000000e+01
   9.8900000e+01
   9.9000000e+01
   9.9000000e+01
   9.9000000e+01
   9.9200000e+01
   9.9000000e+01
   9.9000000e+01
   9.9200000e+01
   9.9400000e+01
   1.0000000e+02
   9.9700000e+01
   1.0000000e+02
   1.0000000e+02
   1.0000000e+02
   1.0000000e+02
   9.9900000e+01
   9.9900000e+01
   9.9900000e+01
   1.0000000e+02
   1.0000000e+02
   1.0000000e+02
   1.0000000e+02
   1.0000000e+02
   9.9800000e+01
   9.9700000e+01
   9.9400000e+01
   9.9500000e+01
   9.9900000e+01
   9.9800000e+01
   1.0000000e+02
   9.9700000e+01
   9.9100000e+01
   9.9600000e+01
   9.9300000e+01
   9.9400000e+01
   9.9900000e+01
   9.9400000e+01
   1.0000000e+02
   9.9000000e+01
   9.9000000e+01
   9.9000000e+01
   9.9000000e+01
   9.9000000e+01
   9.9000000e+01
   9.9000000e+01
   9.9000000e+01
   9.9300000e+01
   9.9000000e+01
   9.9100000e+01
   9.9500000e+01
   9.9700000e+01
   9.9200000e+01
   9.9500000e+01
   9.9600000e+01
   9.9500000e+01
   9.9300000e+01
   1.0000000e+02
   9.9500000e+01
   9.9800000e+01
   1.0000000e+02
   9.9800000e+01
   9.9600000e+01
   9.9200000e+01
   9.9400000e+01
   9.9100000e+01
   9.9800000e+01
   9.9400000e+01
   9.9000000e+01
   9.9000000e+01
   9.9000000e+01
   9.9300000e+01
   9.9100000e+01
   9.9000000e+01
   9.9000000e+01
   9.9000000e+01
   9.9000000e+01
   9.9000000e+01
   9.9000000e+01
   9.9000000e+01
   9.9000000e+01
   9.9000000e+01
   9.9000000e+01
   9.9000000e+01
   9.9300000e+01
   9.9000000e+01
   9.9200000e+01
   9.9600000e+01
   9.9000000e+01
   9.9300000e+01
   9.9000000e+01
   9.9000000e+01
   9.8700000e+01
   9.9000000e+01
   9.9000000e+01
   9.9000000e+01
   9.9400000e+01
   9.9700000e+01
   9.9800000e+01
   1.0000000e+02
   1.0000000e+02
   1.0000000e+02
   1.0000000e+02
   1.0000000e+02
   1.0000000e+02
   1.0000000e+02
   1.0000000e+02
   1.0000000e+02
   1.0000000e+02
   1.0000000e+02
   1.0000000e+02
   1.0000000e+02
   1.0000000e+02
   1.0000000e+02
   1.0000000e+02
   1.0000000e+02
   1.0000000e+02
   1.0000000e+02
   1.0000000e+02
   1.0000000e+02
   1.0000000e+02
   1.0000000e+02
   1.0000000e+02
   1.0000000e+02
   1.0000000e+02
   1.0000000e+02
   1.0000000e+02
   1.0000000e+02
   1.0000000e+02
   1.0000000e+02
   1.0000000e+02
   1.0000000e+02
   1.0000000e+02
   1.0000000e+02
   1.0000000e+02
   1.0000000e+02
   1.0000000e+02
   1.0000000e+02
   1.0000000e+02
   1.0000000e+02
   1.0000000e+02
   9.9400000e+01
   9.9100000e+01
   9.9000000e+01
   9.9000000e+01
   9.9000000e+01
   9.9000000e+01
   9.9000000e+01
   9.9000000e+01
   9.9000000e+01
   9.9000000e+01
   9.8600000e+01
   9.8800000e+01
   9.8000000e+01
   9.8000000e+01
   9.8000000e+01
   9.8000000e+01
   9.8000000e+01
   9.8000000e+01
   9.8000000e+01
   9.8000000e+01
   9.8000000e+01
   9.8000000e+01
   9.8300000e+01
   9.8300000e+01
   9.9000000e+01
   9.9000000e+01
   9.8900000e+01
   9.8800000e+01
   9.8800000e+01
   9.9000000e+01
   9.9000000e+01
   9.8800000e+01
   9.9000000e+01
   9.9000000e+01
   9.9000000e+01
   9.9000000e+01
   9.9000000e+01
   9.8800000e+01
   9.9000000e+01
   9.9000000e+01
   9.9000000e+01
   9.9200000e+01
   9.9600000e+01
   9.9000000e+01
   9.8600000e+01
   9.8400000e+01
   9.8100000e+01
   9.8600000e+01
   9.9000000e+01
   9.8900000e+01
   9.9000000e+01
   9.9000000e+01
   9.9300000e+01
   9.9200000e+01
   9.9100000e+01
   9.9700000e+01
   1.0000000e+02
   9.9700000e+01
   9.9800000e+01
   1.0000000e+02
   9.9700000e+01
   1.0000000e+02
   1.0000000e+02
   1.0000000e+02
   1.0000000e+02
   1.0000000e+02
   9.9800000e+01
   1.0000000e+02
   9.9400000e+01
   1.0000000e+02
   1.0000000e+02
   1.0000000e+02
   1.0000000e+02
   1.0000000e+02
   1.0000000e+02
   1.0000000e+02
   1.0000000e+02
   1.0000000e+02
   1.0000000e+02
   1.0000000e+02
   1.0000000e+02
   1.0000000e+02
   9.9700000e+01
   1.0000000e+02
   1.0000000e+02
   9.9900000e+01
   1.0000000e+02
   1.0000000e+02
   1.0000000e+02
   1.0000000e+02
   1.0000000e+02
   1.0000000e+02
   1.0000000e+02
   1.0000000e+02
   1.0000000e+02
   1.0000000e+02
   1.0000000e+02
   1.0000000e+02
   1.0000000e+02
   1.0000000e+02
   1.0000000e+02
   1.0000000e+02
   1.0000000e+02
   1.0000000e+02
   1.0000000e+02
   1.0000000e+02
   1.0000000e+02
   1.0000000e+02
   1.0000000e+02
   1.0000000e+02
   1.0000000e+02
   1.0000000e+02
   1.0000000e+02
   1.0000000e+02
   1.0000000e+02
   1.0000000e+02
   1.0000000e+02
   1.0000000e+02
   1.0000000e+02
   1.0000000e+02
   1.0000000e+02
   1.0000000e+02
   1.0000000e+02
   1.0000000e+02
   1.0000000e+02
   1.0000000e+02
   1.0000000e+02
   1.0000000e+02
   1.0000000e+02
   1.0000000e+02
   1.0000000e+02
   1.0000000e+02
   9.9900000e+01
   1.0000000e+02
   9.9900000e+01
   9.9800000e+01
   1.0000000e+02
   1.0000000e+02
   1.0000000e+02
   1.0000000e+02
   1.0000000e+02
   1.0000000e+02
   1.0000000e+02
   1.0000000e+02
   9.9900000e+01
   9.9900000e+01
   1.0000000e+02
   1.0000000e+02
   9.9800000e+01
   9.8400000e+01
   9.9000000e+01
   9.9000000e+01
   9.9000000e+01
   9.9000000e+01
   9.9000000e+01
   9.9000000e+01
   9.9000000e+01
   9.9000000e+01
   9.9100000e+01
   9.9000000e+01
   9.9500000e+01
   9.9000000e+01
   9.9000000e+01
   9.9200000e+01
   9.9200000e+01
   9.9200000e+01
   9.9500000e+01
   9.9000000e+01
   9.9000000e+01
   9.8600000e+01
   9.8500000e+01
   9.9000000e+01
   9.9000000e+01
   9.9200000e+01
   9.9000000e+01
   9.9000000e+01
   9.9000000e+01
   9.9000000e+01
   9.9000000e+01
   9.9200000e+01
   9.9200000e+01
   9.9200000e+01
   9.9300000e+01
   9.9000000e+01
   9.9400000e+01
   9.9300000e+01
   9.9000000e+01
   9.9700000e+01
   1.0000000e+02
   1.0000000e+02
   1.0000000e+02
   1.0000000e+02
   1.0000000e+02
   9.9900000e+01
   1.0000000e+02
   1.0000000e+02
   9.9900000e+01
   1.0000000e+02
   1.0000000e+02
   9.9900000e+01
   1.0000000e+02
   9.9900000e+01
   1.0000000e+02
   1.0000000e+02
   1.0000000e+02
   1.0000000e+02
   1.0000000e+02
   1.0000000e+02
   1.0000000e+02
   9.9800000e+01
   1.0000000e+02
   1.0000000e+02
   1.0000000e+02
   1.0000000e+02
   1.0000000e+02
   1.0000000e+02
   1.0000000e+02
   1.0000000e+02
   1.0000000e+02
   1.0000000e+02
   1.0000000e+02
   1.0000000e+02
   1.0000000e+02
   1.0000000e+02
   1.0000000e+02
   1.0000000e+02
   1.0000000e+02
   1.0000000e+02
   1.0000000e+02
   1.0000000e+02
   1.0000000e+02
   1.0000000e+02
   1.0000000e+02
   1.0000000e+02
   1.0000000e+02
   1.0000000e+02
   1.0000000e+02
   1.0000000e+02
   1.0000000e+02
   1.0000000e+02
   1.0000000e+02
   1.0000000e+02
   1.0000000e+02
   1.0000000e+02
   1.0000000e+02
   1.0000000e+02
   1.0000000e+02
   1.0000000e+02
   1.0000000e+02
   1.0000000e+02
   1.0000000e+02
   1.0000000e+02
   1.0000000e+02
   1.0000000e+02
   1.0000000e+02
   1.0000000e+02
   1.0000000e+02
   1.0000000e+02
   1.0000000e+02
   1.0000000e+02
   1.0000000e+02
   1.0000000e+02
   1.0000000e+02
   1.0000000e+02
   1.0000000e+02
   1.0000000e+02
   1.0000000e+02
   1.0000000e+02
   1.0000000e+02
   9.9800000e+01
   1.0000000e+02
   1.0000000e+02
   1.0000000e+02
   1.0000000e+02
   1.0000000e+02
   1.0000000e+02
   1.0000000e+02
   1.0000000e+02
   1.0000000e+02
   1.0000000e+02
   1.0000000e+02
   1.0000000e+02
   9.9500000e+01
   9.9600000e+01
   1.0000000e+02
   1.0000000e+02
   1.0000000e+02
   1.0000000e+02
   1.0000000e+02
   1.0000000e+02
   1.0000000e+02
   1.0000000e+02
   1.0000000e+02
   1.0000000e+02
   1.0000000e+02
   1.0000000e+02
   1.0000000e+02
   1.0000000e+02
   1.0000000e+02
   1.0000000e+02
   1.0000000e+02
   1.0000000e+02
   1.0000000e+02
   1.0000000e+02
   1.0000000e+02
   1.0000000e+02
   1.0000000e+02
   1.0000000e+02
   1.0000000e+02
   1.0000000e+02
   1.0000000e+02
   1.0000000e+02
   1.0000000e+02
   1.0000000e+02
   1.0000000e+02
   1.0000000e+02
   1.0000000e+02
   1.0000000e+02
   1.0000000e+02
   1.0000000e+02
   1.0000000e+02
   1.0000000e+02
   1.0000000e+02
   1.0000000e+02
   1.0000000e+02
   1.0000000e+02
   1.0000000e+02
   1.0000000e+02
   1.0000000e+02
   1.0000000e+02
   1.0000000e+02
   1.0000000e+02
   1.0000000e+02
   1.0000000e+02
   1.0000000e+02
   1.0000000e+02
   1.0000000e+02
   1.0000000e+02
   1.0000000e+02
   1.0000000e+02
   1.0000000e+02
   1.0000000e+02
   1.0000000e+02
   1.0000000e+02
   1.0000000e+02
   1.0000000e+02
   1.0000000e+02
   1.0000000e+02
   1.0000000e+02
   1.0000000e+02
   1.0000000e+02
   1.0000000e+02
   1.0000000e+02
   1.0000000e+02
   1.0000000e+02
   1.0000000e+02
   1.0000000e+02
   1.0000000e+02
   1.0000000e+02
   1.0000000e+02
   1.0000000e+02
   1.0000000e+02
   1.0000000e+02
   1.0000000e+02
   1.0000000e+02
   1.0000000e+02
   1.0000000e+02
