   1.4300000e+02
   1.4490000e+02
   1.5750000e+02
   1.5530000e+02
   1.5490000e+02
   1.4620000e+02
   1.3710000e+02
   1.3490000e+02
   1.3120000e+02
   1.2640000e+02
   1.2490000e+02
   1.2340000e+02
   1.2200000e+02
   0.0000000e+00
   0.0000000e+00
   1.2750000e+02
   1.2100000e+02
   1.1850000e+02
   1.1690000e+02
   1.2060000e+02
   1.2220000e+02
   1.2140000e+02
   1.1990000e+02
   1.2110000e+02
   1.2300000e+02
   1.1950000e+02
   1.2050000e+02
   1.1770000e+02
   1.1730000e+02
   1.1910000e+02
   1.1550000e+02
   1.1520000e+02
   1.1420000e+02
   1.1130000e+02
   1.1580000e+02
   1.1380000e+02
   1.1450000e+02
   1.1510000e+02
   1.1650000e+02
   1.1580000e+02
   1.2140000e+02
   1.2870000e+02
   1.3960000e+02
   1.4040000e+02
   1.4460000e+02
   1.4470000e+02
   1.4800000e+02
   1.4600000e+02
   1.5010000e+02
   1.4660000e+02
   1.5150000e+02
   1.4980000e+02
   1.4990000e+02
   1.5030000e+02
   1.5160000e+02
   1.4960000e+02
   1.4890000e+02
   1.4790000e+02
   1.4710000e+02
   1.4600000e+02
   1.4550000e+02
   1.4440000e+02
   1.4800000e+02
   1.4450000e+02
   1.4500000e+02
   1.4450000e+02
   1.5000000e+02
   1.5180000e+02
   1.5020000e+02
   1.5070000e+02
   1.4760000e+02
   1.5000000e+02
   1.4690000e+02
   1.4620000e+02
   1.4620000e+02
   1.4350000e+02
   1.4100000e+02
   1.3970000e+02
   1.3720000e+02
   1.3120000e+02
   1.2930000e+02
   1.2690000e+02
   1.2500000e+02
   1.2710000e+02
   1.2310000e+02
   1.2340000e+02
   1.2060000e+02
   1.2020000e+02
   1.1900000e+02
   1.1650000e+02
   1.1460000e+02
   1.1320000e+02
   1.1320000e+02
   1.1110000e+02
   1.1180000e+02
   1.1380000e+02
   1.1230000e+02
   1.1060000e+02
   1.0940000e+02
   1.1240000e+02
   1.1040000e+02
   1.0960000e+02
   1.1040000e+02
   1.0980000e+02
   1.0930000e+02
   1.1540000e+02
   1.1420000e+02
   1.1410000e+02
   1.2600000e+02
   1.2410000e+02
   1.2210000e+02
   1.2900000e+02
   1.3470000e+02
   1.3600000e+02
   1.3430000e+02
   1.3310000e+02
   1.2880000e+02
   1.2130000e+02
   1.1510000e+02
   1.1070000e+02
   1.0740000e+02
   1.0680000e+02
   1.0630000e+02
   1.0460000e+02
   1.0890000e+02
   1.2900000e+02
   1.3070000e+02
   1.3410000e+02
   1.4090000e+02
   1.3920000e+02
   1.3850000e+02
   1.3930000e+02
   1.3840000e+02
   1.3840000e+02
   1.3620000e+02
   1.3480000e+02
   1.3510000e+02
   1.3490000e+02
   1.3580000e+02
   1.3780000e+02
   1.3130000e+02
   1.2840000e+02
   1.2910000e+02
   1.3150000e+02
   1.3160000e+02
   1.3080000e+02
   1.3560000e+02
   1.3220000e+02
   1.3290000e+02
   1.2940000e+02
   1.3100000e+02
   1.3130000e+02
   1.2900000e+02
   1.2920000e+02
   1.2820000e+02
   1.3340000e+02
   1.3670000e+02
   1.3690000e+02
   1.3990000e+02
   1.3730000e+02
   1.3960000e+02
   1.4000000e+02
   1.3710000e+02
   1.3620000e+02
   1.3330000e+02
   1.3080000e+02
   1.2950000e+02
   1.2420000e+02
   1.2130000e+02
   1.2260000e+02
   1.2470000e+02
   1.2850000e+02
   1.3150000e+02
   1.3150000e+02
   1.3150000e+02
   1.3620000e+02
   1.3410000e+02
   1.3440000e+02
   1.3710000e+02
   1.3620000e+02
   1.3680000e+02
   1.3730000e+02
   1.3780000e+02
   1.3360000e+02
   1.3240000e+02
   1.3070000e+02
   1.2920000e+02
   1.3520000e+02
   1.3530000e+02
   1.3670000e+02
   1.3580000e+02
   1.3550000e+02
   1.3540000e+02
   1.3170000e+02
   1.2740000e+02
   1.2710000e+02
   1.2610000e+02
   1.2960000e+02
   1.3000000e+02
   1.3090000e+02
   1.3230000e+02
   1.3040000e+02
   1.3610000e+02
   1.3530000e+02
   1.3420000e+02
   1.3540000e+02
   1.3690000e+02
   1.3450000e+02
   1.3340000e+02
   1.2760000e+02
   1.2430000e+02
   1.5190000e+02
   1.4470000e+02
   1.3810000e+02
   1.3610000e+02
   1.3560000e+02
   1.3440000e+02
   1.3440000e+02
   1.3450000e+02
   1.3250000e+02
   1.2790000e+02
   1.2760000e+02
   1.2270000e+02
   1.2990000e+02
   1.2490000e+02
   1.1870000e+02
   1.2160000e+02
   1.1560000e+02
   1.1470000e+02
   1.1250000e+02
   1.1030000e+02
   1.1050000e+02
   1.1080000e+02
   1.1490000e+02
   1.2390000e+02
   1.2120000e+02
   1.2930000e+02
   1.2270000e+02
   1.3180000e+02
   1.3160000e+02
   1.3550000e+02
   1.3390000e+02
   1.3820000e+02
   1.3200000e+02
   1.3290000e+02
   1.2940000e+02
   1.3180000e+02
   1.3070000e+02
   1.3950000e+02
   1.4280000e+02
   1.4510000e+02
   1.4710000e+02
   1.4690000e+02
   1.4760000e+02
   1.4670000e+02
   1.4910000e+02
   1.5100000e+02
   1.5080000e+02
   1.5220000e+02
   1.5030000e+02
   1.4960000e+02
   1.4870000e+02
   1.4920000e+02
   1.4670000e+02
   1.4650000e+02
   1.4430000e+02
   1.4440000e+02
   1.4380000e+02
   1.4260000e+02
   1.4160000e+02
   1.4230000e+02
   1.4800000e+02
   1.5080000e+02
   1.5200000e+02
   1.5090000e+02
   1.4920000e+02
   1.5040000e+02
   1.4790000e+02
   1.4690000e+02
   1.4360000e+02
   1.3960000e+02
   1.3810000e+02
   1.3410000e+02
   1.2770000e+02
   1.2820000e+02
   1.3120000e+02
   1.2420000e+02
   1.1910000e+02
   1.1510000e+02
   1.1090000e+02
   1.0870000e+02
   1.0790000e+02
   1.0950000e+02
   1.0870000e+02
   1.0760000e+02
   1.0540000e+02
   1.0520000e+02
   1.0820000e+02
   1.0510000e+02
   1.1930000e+02
   1.1640000e+02
   1.1940000e+02
   1.1560000e+02
   1.0730000e+02
   1.0620000e+02
   1.0430000e+02
   1.0220000e+02
   1.0180000e+02
   9.7900000e+01
   9.5300000e+01
   9.5800000e+01
   9.6200000e+01
   9.6400000e+01
   9.5600000e+01
   1.0660000e+02
   1.1030000e+02
   1.1830000e+02
   1.0880000e+02
   1.0400000e+02
   1.0190000e+02
   1.0570000e+02
   1.1320000e+02
   1.0950000e+02
   1.0400000e+02
   1.0220000e+02
   1.0290000e+02
   9.9800000e+01
   9.8500000e+01
   9.5800000e+01
   9.5200000e+01
   9.7000000e+01
   0.0000000e+00
   0.0000000e+00
   1.1450000e+02
   1.1980000e+02
   1.2550000e+02
   1.2610000e+02
   1.2520000e+02
   1.2410000e+02
   1.2470000e+02
   1.2790000e+02
   1.2790000e+02
   1.3170000e+02
   1.3390000e+02
   1.3110000e+02
   1.3330000e+02
   1.3170000e+02
   1.3210000e+02
   1.3160000e+02
   1.3510000e+02
   1.3620000e+02
   1.3610000e+02
   1.3540000e+02
   1.3420000e+02
   1.3530000e+02
   1.3610000e+02
   1.5350000e+02
   1.5340000e+02
   1.4730000e+02
   1.4040000e+02
   1.4330000e+02
   1.4060000e+02
   1.2950000e+02
   1.2070000e+02
   1.1930000e+02
   1.1890000e+02
   1.1760000e+02
   1.1700000e+02
   1.1700000e+02
   1.2010000e+02
   1.2120000e+02
   1.2070000e+02
   1.1960000e+02
   1.1900000e+02
   1.1830000e+02
   1.1770000e+02
   1.2260000e+02
   1.2730000e+02
   1.2500000e+02
   1.2510000e+02
   1.2560000e+02
   1.2430000e+02
   1.2470000e+02
   1.2560000e+02
   1.2630000e+02
   1.2670000e+02
   1.3520000e+02
   1.3140000e+02
   1.2840000e+02
   1.2740000e+02
   1.2730000e+02
   1.2500000e+02
   1.2470000e+02
   1.2410000e+02
   1.2440000e+02
   1.2280000e+02
   1.2040000e+02
   1.1750000e+02
   1.1820000e+02
   1.1520000e+02
   1.1770000e+02
   1.1920000e+02
   1.1960000e+02
   1.1730000e+02
   1.1240000e+02
   1.0880000e+02
   1.0410000e+02
   1.0210000e+02
   9.9900000e+01
   1.0740000e+02
   1.2070000e+02
   1.2100000e+02
   1.2180000e+02
   1.1510000e+02
   1.1310000e+02
   1.1300000e+02
   1.0580000e+02
   1.0140000e+02
   9.8300000e+01
   9.6600000e+01
   9.4800000e+01
   9.2000000e+01
   9.1300000e+01
   8.8100000e+01
   8.6500000e+01
   8.5100000e+01
   8.6200000e+01
   8.5600000e+01
   8.8000000e+01
   8.8100000e+01
   8.8800000e+01
   8.9200000e+01
   8.8700000e+01
   8.7700000e+01
   8.7800000e+01
   8.7500000e+01
   8.6900000e+01
   8.4900000e+01
   8.4000000e+01
   8.4300000e+01
   8.4700000e+01
   0.0000000e+00
   0.0000000e+00
   8.8200000e+01
   8.5300000e+01
   8.6300000e+01
   8.7300000e+01
   8.7600000e+01
   8.6200000e+01
   8.5100000e+01
   8.8800000e+01
   1.0420000e+02
   1.0290000e+02
   1.0850000e+02
   1.0800000e+02
   1.0820000e+02
   1.0760000e+02
   1.1080000e+02
   1.1410000e+02
   1.1310000e+02
   1.1410000e+02
   1.0840000e+02
   1.0120000e+02
   1.0740000e+02
   1.1090000e+02
   1.1190000e+02
   1.1670000e+02
   1.1690000e+02
   1.1930000e+02
   1.1950000e+02
   1.2050000e+02
   1.2250000e+02
   1.2050000e+02
   1.1910000e+02
   1.1780000e+02
   1.1660000e+02
   1.1650000e+02
   1.1360000e+02
   1.1310000e+02
   1.1440000e+02
   1.1940000e+02
   1.2010000e+02
   1.2190000e+02
   1.2420000e+02
   1.2120000e+02
   1.2180000e+02
   1.2190000e+02
   1.2430000e+02
   1.2270000e+02
   1.2020000e+02
   1.2210000e+02
   1.2520000e+02
   1.3420000e+02
   1.3910000e+02
   1.3820000e+02
   1.3800000e+02
   1.3520000e+02
   1.2970000e+02
   1.2450000e+02
   1.2510000e+02
   1.2500000e+02
   1.2330000e+02
   1.2320000e+02
   1.2030000e+02
   1.2100000e+02
   1.2170000e+02
   1.2290000e+02
   1.2120000e+02
   1.1980000e+02
   1.1910000e+02
   1.1790000e+02
   1.1770000e+02
   1.1750000e+02
   1.1470000e+02
   1.1310000e+02
   1.1920000e+02
   1.1920000e+02
   1.1980000e+02
   1.1990000e+02
   1.2040000e+02
   1.2220000e+02
   1.2470000e+02
   1.2420000e+02
   1.2430000e+02
   1.2290000e+02
   1.2090000e+02
   1.2080000e+02
   1.1770000e+02
   1.1920000e+02
   1.1940000e+02
   1.1940000e+02
   1.1860000e+02
   1.1480000e+02
   1.1580000e+02
   1.1650000e+02
   1.1770000e+02
   1.1600000e+02
   1.1390000e+02
   1.1030000e+02
   1.1300000e+02
   1.0730000e+02
   1.0250000e+02
   1.0010000e+02
   9.9200000e+01
   9.8600000e+01
   9.5900000e+01
   9.6200000e+01
   9.5900000e+01
   9.6000000e+01
   9.5800000e+01
   9.4400000e+01
   9.3000000e+01
   9.7600000e+01
   1.0450000e+02
   9.9300000e+01
   9.6200000e+01
   9.2600000e+01
   8.8400000e+01
   8.8800000e+01
   8.7300000e+01
   8.6700000e+01
   8.6200000e+01
   8.9500000e+01
   9.7900000e+01
   9.7400000e+01
   9.5300000e+01
   9.8000000e+01
   1.0470000e+02
   1.1760000e+02
   1.1970000e+02
   1.2020000e+02
   1.2110000e+02
   1.2320000e+02
   1.2330000e+02
   1.3040000e+02
   1.2550000e+02
   1.1720000e+02
   1.1640000e+02
   1.1370000e+02
   1.1600000e+02
   1.1500000e+02
   1.1670000e+02
   1.1660000e+02
   1.1850000e+02
   1.1930000e+02
   1.1700000e+02
   1.1420000e+02
   1.1440000e+02
   1.1560000e+02
   1.1720000e+02
   1.1870000e+02
   1.1770000e+02
   1.1590000e+02
   1.1430000e+02
   1.1640000e+02
   1.1810000e+02
   1.1670000e+02
   1.1720000e+02
   1.1670000e+02
   1.2020000e+02
   1.2230000e+02
   1.1900000e+02
   1.2070000e+02
   1.1820000e+02
   1.1840000e+02
   1.1910000e+02
   1.2040000e+02
   1.1830000e+02
   1.1790000e+02
   1.1750000e+02
   1.1670000e+02
   1.1550000e+02
   1.1940000e+02
   1.1690000e+02
   1.1380000e+02
   1.1190000e+02
   1.0440000e+02
   1.0290000e+02
   1.0070000e+02
   9.8900000e+01
   1.0660000e+02
   1.0180000e+02
   9.8800000e+01
   9.7100000e+01
   9.4400000e+01
   9.2900000e+01
   9.2700000e+01
   9.1200000e+01
   9.0300000e+01
   9.0700000e+01
   8.8400000e+01
   8.5800000e+01
   8.5400000e+01
   8.4300000e+01
   0.0000000e+00
   8.8300000e+01
   8.6500000e+01
   8.5700000e+01
   8.4000000e+01
   0.0000000e+00
   8.5400000e+01
   8.4400000e+01
   8.3600000e+01
   8.2800000e+01
   8.3900000e+01
   0.0000000e+00
   0.0000000e+00
   9.4500000e+01
   9.0500000e+01
   8.9800000e+01
   9.2800000e+01
   9.2000000e+01
   9.1700000e+01
   9.0900000e+01
   8.9700000e+01
   8.9100000e+01
   8.9800000e+01
   9.0700000e+01
   9.1300000e+01
   9.5200000e+01
